MEME version 4

ALPHABET= ACGT

strands: + -

A 0.29182 C 0.20818 G 0.20818 T 0.29182 


MOTIF ANDR_do ANDR

letter-probability matrix: alength= 4 w= 16 nsites= 130 E= 0
  0.307692	  0.038462	  0.561538	  0.092308	
  0.053846	  0.030769	  0.907692	  0.007692	
  0.423077	  0.000000	  0.230769	  0.346154	
  0.761538	  0.007692	  0.092308	  0.138462	
  0.015385	  0.946154	  0.030769	  0.007692	
  0.723077	  0.038462	  0.107692	  0.130769	
  0.092308	  0.269231	  0.384615	  0.253846	
  0.323077	  0.192308	  0.323077	  0.161538	
  0.392308	  0.100000	  0.307692	  0.200000	
  0.169231	  0.253846	  0.053846	  0.523077	
  0.015385	  0.046154	  0.923077	  0.015385	
  0.100000	  0.023077	  0.092308	  0.784615	
  0.246154	  0.015385	  0.292308	  0.446154	
  0.130769	  0.800000	  0.023077	  0.046154	
  0.084615	  0.269231	  0.061538	  0.584615	
  0.246154	  0.123077	  0.192308	  0.438462	

MOTIF AP2C_f1 AP2C

letter-probability matrix: alength= 4 w= 9 nsites= 1599 E= 0
  0.001876	  0.382114	  0.601001	  0.015009	
  0.000625	  0.983114	  0.000625	  0.015635	
  0.015635	  0.979987	  0.000625	  0.003752	
  0.010006	  0.238274	  0.022514	  0.729206	
  0.008130	  0.000000	  0.885553	  0.106316	
  0.363352	  0.206379	  0.393371	  0.036898	
  0.196998	  0.000625	  0.801751	  0.000625	
  0.020013	  0.000625	  0.978111	  0.001251	
  0.047530	  0.558474	  0.357098	  0.036898	

MOTIF ARI3A_do ARI3A

letter-probability matrix: alength= 4 w= 22 nsites= 44 E= 0
  0.386364	  0.113636	  0.318182	  0.181818	
  0.681818	  0.090909	  0.000000	  0.227273	
  0.113636	  0.000000	  0.000000	  0.886364	
  0.159091	  0.000000	  0.000000	  0.840909	
  0.954545	  0.045455	  0.000000	  0.000000	
  0.931818	  0.068182	  0.000000	  0.000000	
  0.477273	  0.000000	  0.022727	  0.500000	
  0.000000	  0.409091	  0.227273	  0.363636	
  0.295455	  0.181818	  0.431818	  0.090909	
  0.500000	  0.045455	  0.363636	  0.090909	
  0.454545	  0.045455	  0.159091	  0.340909	
  0.727273	  0.000000	  0.090909	  0.181818	
  0.136364	  0.045455	  0.090909	  0.727273	
  0.159091	  0.568182	  0.045455	  0.227273	
  0.727273	  0.000000	  0.000000	  0.272727	
  0.750000	  0.045455	  0.000000	  0.204545	
  0.954545	  0.000000	  0.000000	  0.045455	
  0.409091	  0.000000	  0.045455	  0.545455	
  0.113636	  0.136364	  0.090909	  0.659091	
  0.522727	  0.136364	  0.022727	  0.318182	
  0.613636	  0.068182	  0.000000	  0.318182	
  0.659091	  0.022727	  0.068182	  0.250000	

MOTIF ATF6A_si ATF6A

letter-probability matrix: alength= 4 w= 12 nsites= 20 E= 0
  0.200000	  0.200000	  0.550000	  0.050000	
  0.050000	  0.200000	  0.300000	  0.450000	
  0.000000	  0.250000	  0.600000	  0.150000	
  0.100000	  0.400000	  0.450000	  0.050000	
  0.000000	  0.050000	  0.000000	  0.950000	
  0.000000	  0.050000	  0.950000	  0.000000	
  0.900000	  0.050000	  0.000000	  0.050000	
  0.000000	  1.000000	  0.000000	  0.000000	
  0.000000	  0.000000	  1.000000	  0.000000	
  0.000000	  0.000000	  0.000000	  1.000000	
  0.000000	  0.100000	  0.900000	  0.000000	
  0.100000	  0.000000	  0.900000	  0.000000	

MOTIF BACH1_si BACH1

letter-probability matrix: alength= 4 w= 14 nsites= 8 E= 0
  0.125000	  0.250000	  0.000000	  0.625000	
  0.125000	  0.000000	  0.875000	  0.000000	
  0.000000	  1.000000	  0.000000	  0.000000	
  0.000000	  0.125000	  0.000000	  0.875000	
  0.000000	  0.000000	  1.000000	  0.000000	
  0.875000	  0.000000	  0.000000	  0.125000	
  0.000000	  0.250000	  0.750000	  0.000000	
  0.000000	  0.000000	  0.000000	  1.000000	
  0.000000	  1.000000	  0.000000	  0.000000	
  1.000000	  0.000000	  0.000000	  0.000000	
  0.125000	  0.375000	  0.000000	  0.500000	
  0.125000	  0.000000	  0.750000	  0.125000	
  0.000000	  0.250000	  0.625000	  0.125000	
  0.000000	  0.000000	  0.000000	  1.000000	

MOTIF BATF_si BATF

letter-probability matrix: alength= 4 w= 10 nsites= 1878 E= 0
  0.411608	  0.304047	  0.143237	  0.141108	
  0.048988	  0.000532	  0.010117	  0.940362	
  0.000000	  0.034611	  0.872737	  0.092652	
  0.957934	  0.000000	  0.003727	  0.038339	
  0.000000	  0.000000	  0.937167	  0.062833	
  0.000532	  0.011182	  0.035144	  0.953142	
  0.087859	  0.909478	  0.002662	  0.000000	
  0.993078	  0.000000	  0.000000	  0.006922	
  0.123003	  0.142173	  0.261981	  0.472843	
  0.387646	  0.189563	  0.092652	  0.330138	

MOTIF BHE41_f1 BHE41

letter-probability matrix: alength= 4 w= 20 nsites= 10 E= 0
  0.400000	  0.100000	  0.200000	  0.300000	
  0.000000	  0.600000	  0.400000	  0.000000	
  0.300000	  0.300000	  0.300000	  0.100000	
  0.400000	  0.100000	  0.500000	  0.000000	
  0.100000	  0.100000	  0.400000	  0.400000	
  0.000000	  0.400000	  0.500000	  0.100000	
  0.000000	  0.500000	  0.000000	  0.500000	
  0.000000	  1.000000	  0.000000	  0.000000	
  0.700000	  0.000000	  0.200000	  0.100000	
  0.200000	  0.600000	  0.100000	  0.100000	
  0.000000	  0.100000	  0.800000	  0.100000	
  0.000000	  0.000000	  0.000000	  1.000000	
  0.000000	  0.000000	  1.000000	  0.000000	
  0.300000	  0.600000	  0.100000	  0.000000	
  0.400000	  0.200000	  0.100000	  0.300000	
  0.000000	  0.100000	  0.700000	  0.200000	
  0.500000	  0.200000	  0.300000	  0.000000	
  0.400000	  0.100000	  0.400000	  0.100000	
  0.300000	  0.100000	  0.600000	  0.000000	
  0.200000	  0.300000	  0.300000	  0.200000	

MOTIF BMAL1_f1 BMAL1

letter-probability matrix: alength= 4 w= 14 nsites= 15 E= 0
  0.200000	  0.133333	  0.266667	  0.400000	
  0.066667	  0.000000	  0.866667	  0.066667	
  0.333333	  0.133333	  0.466667	  0.066667	
  0.600000	  0.000000	  0.133333	  0.266667	
  0.000000	  0.933333	  0.000000	  0.066667	
  1.000000	  0.000000	  0.000000	  0.000000	
  0.000000	  1.000000	  0.000000	  0.000000	
  0.000000	  0.000000	  1.000000	  0.000000	
  0.000000	  0.000000	  0.000000	  1.000000	
  0.000000	  0.000000	  1.000000	  0.000000	
  0.733333	  0.000000	  0.266667	  0.000000	
  0.066667	  0.800000	  0.066667	  0.066667	
  0.133333	  0.466667	  0.066667	  0.333333	
  0.066667	  0.666667	  0.266667	  0.000000	

MOTIF BRAC_si BRAC

letter-probability matrix: alength= 4 w= 25 nsites= 26 E= 0
  0.461538	  0.115385	  0.346154	  0.076923	
  0.153846	  0.500000	  0.307692	  0.038462	
  0.807692	  0.038462	  0.038462	  0.115385	
  0.346154	  0.038462	  0.038462	  0.576923	
  0.576923	  0.000000	  0.000000	  0.423077	
  0.307692	  0.000000	  0.653846	  0.038462	
  0.000000	  0.000000	  0.000000	  1.000000	
  0.115385	  0.192308	  0.692308	  0.000000	
  1.000000	  0.000000	  0.000000	  0.000000	
  0.000000	  1.000000	  0.000000	  0.000000	
  1.000000	  0.000000	  0.000000	  0.000000	
  0.000000	  0.961538	  0.000000	  0.038462	
  0.000000	  0.923077	  0.038462	  0.038462	
  0.000000	  0.000000	  0.000000	  1.000000	
  1.000000	  0.000000	  0.000000	  0.000000	
  0.000000	  0.076923	  0.923077	  0.000000	
  0.000000	  0.038462	  0.961538	  0.000000	
  0.000000	  0.038462	  0.000000	  0.961538	
  0.000000	  0.000000	  1.000000	  0.000000	
  0.038462	  0.038462	  0.000000	  0.923077	
  0.000000	  0.269231	  0.653846	  0.076923	
  0.961538	  0.000000	  0.000000	  0.038462	
  0.846154	  0.076923	  0.038462	  0.038462	
  0.846154	  0.000000	  0.115385	  0.038462	
  0.269231	  0.115385	  0.115385	  0.500000	

MOTIF COE1_f2 COE1

letter-probability matrix: alength= 4 w= 12 nsites= 1805 E= 0
  0.101385	  0.300831	  0.319114	  0.278670	
  0.039889	  0.206648	  0.071468	  0.681994	
  0.001108	  0.996676	  0.001662	  0.000554	
  0.004432	  0.890859	  0.007202	  0.097507	
  0.001108	  0.955679	  0.001108	  0.042105	
  0.211080	  0.002770	  0.048753	  0.737396	
  0.072022	  0.008864	  0.691413	  0.227701	
  0.059280	  0.019945	  0.919668	  0.001108	
  0.239889	  0.000000	  0.733518	  0.026593	
  0.000554	  0.000000	  0.999446	  0.000000	
  0.535180	  0.080886	  0.244321	  0.139612	
  0.233795	  0.408310	  0.258726	  0.099169	

MOTIF COT1_f1 COT1

letter-probability matrix: alength= 4 w= 12 nsites= 82 E= 0
  0.085366	  0.121951	  0.707317	  0.085366	
  0.097561	  0.073171	  0.487805	  0.341463	
  0.109756	  0.231707	  0.243902	  0.414634	
  0.097561	  0.695122	  0.073171	  0.134146	
  0.756098	  0.073171	  0.048780	  0.121951	
  0.609756	  0.048780	  0.256098	  0.085366	
  0.719512	  0.000000	  0.268293	  0.012195	
  0.012195	  0.000000	  0.987805	  0.000000	
  0.024390	  0.048780	  0.646341	  0.280488	
  0.036585	  0.073171	  0.036585	  0.853659	
  0.012195	  0.865854	  0.060976	  0.060976	
  0.817073	  0.097561	  0.048780	  0.036585	

MOTIF COT2_f1 COT2

letter-probability matrix: alength= 4 w= 10 nsites= 77 E= 0
  0.155844	  0.636364	  0.090909	  0.116883	
  0.610390	  0.116883	  0.116883	  0.155844	
  0.597403	  0.077922	  0.285714	  0.038961	
  0.766234	  0.000000	  0.207792	  0.025974	
  0.000000	  0.000000	  1.000000	  0.000000	
  0.012987	  0.000000	  0.831169	  0.155844	
  0.012987	  0.000000	  0.012987	  0.974026	
  0.012987	  0.922078	  0.025974	  0.038961	
  0.909091	  0.051948	  0.038961	  0.000000	
  0.480519	  0.103896	  0.285714	  0.129870	

MOTIF DBP_si DBP

letter-probability matrix: alength= 4 w= 11 nsites= 25 E= 0
  0.320000	  0.240000	  0.400000	  0.040000	
  0.080000	  0.000000	  0.040000	  0.880000	
  0.080000	  0.080000	  0.080000	  0.760000	
  0.640000	  0.080000	  0.160000	  0.120000	
  0.040000	  0.120000	  0.080000	  0.760000	
  0.080000	  0.040000	  0.840000	  0.040000	
  0.000000	  0.440000	  0.000000	  0.560000	
  0.920000	  0.040000	  0.000000	  0.040000	
  0.960000	  0.000000	  0.000000	  0.040000	
  0.120000	  0.320000	  0.240000	  0.320000	
  0.400000	  0.240000	  0.200000	  0.160000	

MOTIF EHF_si EHF

letter-probability matrix: alength= 4 w= 13 nsites= 400 E= 0
  0.400000	  0.272500	  0.160000	  0.167500	
  0.532500	  0.092500	  0.042500	  0.332500	
  0.770000	  0.000000	  0.212500	  0.017500	
  0.177500	  0.580000	  0.232500	  0.010000	
  0.275000	  0.725000	  0.000000	  0.000000	
  0.422500	  0.577500	  0.000000	  0.000000	
  0.000000	  0.000000	  1.000000	  0.000000	
  0.000000	  0.000000	  0.940000	  0.060000	
  1.000000	  0.000000	  0.000000	  0.000000	
  1.000000	  0.000000	  0.000000	  0.000000	
  0.327500	  0.007500	  0.652500	  0.012500	
  0.007500	  0.017500	  0.152500	  0.822500	
  0.587500	  0.057500	  0.265000	  0.090000	

MOTIF ERG_f1 ERG

letter-probability matrix: alength= 4 w= 11 nsites= 635 E= 0
  0.700787	  0.045669	  0.168504	  0.085039	
  0.022047	  0.886614	  0.089764	  0.001575	
  0.165354	  0.834646	  0.000000	  0.000000	
  0.000000	  0.000000	  1.000000	  0.000000	
  0.000000	  0.000000	  1.000000	  0.000000	
  0.998425	  0.000000	  0.000000	  0.001575	
  0.762205	  0.004724	  0.000000	  0.233071	
  0.525984	  0.000000	  0.440945	  0.033071	
  0.000000	  0.200000	  0.000000	  0.800000	
  0.069291	  0.560630	  0.311811	  0.058268	
  0.261417	  0.521260	  0.159055	  0.058268	

MOTIF ERR1_f1 ERR1

letter-probability matrix: alength= 4 w= 9 nsites= 2048 E= 0
  0.130859	  0.337891	  0.100098	  0.431152	
  0.219238	  0.576172	  0.170898	  0.033691	
  0.766113	  0.035156	  0.144531	  0.054199	
  0.938965	  0.013672	  0.030762	  0.016602	
  0.019531	  0.002930	  0.954590	  0.022949	
  0.007324	  0.006348	  0.975098	  0.011230	
  0.092285	  0.040527	  0.112305	  0.754883	
  0.013672	  0.878906	  0.067383	  0.040039	
  0.930664	  0.010254	  0.038086	  0.020996	

MOTIF ERR3_f1 ERR3

letter-probability matrix: alength= 4 w= 9 nsites= 14 E= 0
  0.071429	  0.000000	  0.142857	  0.785714	
  0.071429	  0.714286	  0.071429	  0.142857	
  0.785714	  0.000000	  0.214286	  0.000000	
  1.000000	  0.000000	  0.000000	  0.000000	
  0.000000	  0.071429	  0.857143	  0.071429	
  0.000000	  0.071429	  0.928571	  0.000000	
  0.071429	  0.000000	  0.000000	  0.928571	
  0.071429	  0.785714	  0.000000	  0.142857	
  0.857143	  0.000000	  0.071429	  0.071429	

MOTIF EVI1_f1 EVI1

letter-probability matrix: alength= 4 w= 16 nsites= 141 E= 0
  0.411348	  0.156028	  0.191489	  0.241135	
  0.638298	  0.035461	  0.085106	  0.241135	
  0.021277	  0.028369	  0.907801	  0.042553	
  0.971631	  0.007092	  0.007092	  0.014184	
  0.042553	  0.453901	  0.007092	  0.496454	
  0.950355	  0.014184	  0.014184	  0.021277	
  0.914894	  0.007092	  0.014184	  0.063830	
  0.028369	  0.007092	  0.964539	  0.000000	
  0.964539	  0.000000	  0.000000	  0.035461	
  0.000000	  0.127660	  0.007092	  0.865248	
  0.900709	  0.035461	  0.000000	  0.063830	
  0.773050	  0.007092	  0.156028	  0.063830	
  0.212766	  0.184397	  0.347518	  0.255319	
  0.744681	  0.092199	  0.078014	  0.085106	
  0.134752	  0.156028	  0.304965	  0.404255	
  0.489362	  0.120567	  0.156028	  0.234043	

MOTIF FOXQ1_f1 FOXQ1 M6250_1.02;M6250_1.02;

letter-probability matrix: alength= 4 w= 12 nsites= 13 E= 0
  0.307692	  0.307692	  0.076923	  0.307692	
  0.692308	  0.076923	  0.230769	  0.000000	
  0.076923	  0.153846	  0.000000	  0.769231	
  0.000000	  0.000000	  0.000000	  1.000000	
  0.000000	  0.000000	  1.000000	  0.000000	
  0.000000	  0.000000	  0.000000	  1.000000	
  0.000000	  0.000000	  0.000000	  1.000000	
  0.000000	  0.000000	  0.000000	  1.000000	
  1.000000	  0.000000	  0.000000	  0.000000	
  0.000000	  0.000000	  0.076923	  0.923077	
  0.153846	  0.000000	  0.230769	  0.615385	
  0.000000	  0.307692	  0.000000	  0.692308	

MOTIF GABP1+GABP2_f1 GABP1+GABP2

letter-probability matrix: alength= 4 w= 10 nsites= 36 E= 0
  0.166667	  0.583333	  0.222222	  0.027778	
  0.250000	  0.750000	  0.000000	  0.000000	
  0.027778	  0.000000	  0.972222	  0.000000	
  0.000000	  0.000000	  1.000000	  0.000000	
  0.972222	  0.000000	  0.027778	  0.000000	
  0.944444	  0.000000	  0.000000	  0.055556	
  0.222222	  0.000000	  0.777778	  0.000000	
  0.111111	  0.111111	  0.222222	  0.555556	
  0.166667	  0.138889	  0.527778	  0.166667	
  0.361111	  0.250000	  0.333333	  0.055556	

MOTIF GABPA_f1 GABPA

letter-probability matrix: alength= 4 w= 13 nsites= 2750 E= 0
  0.223636	  0.253455	  0.458545	  0.064364	
  0.362182	  0.292727	  0.252364	  0.092727	
  0.402545	  0.184727	  0.374545	  0.038182	
  0.052364	  0.758545	  0.188364	  0.000727	
  0.132000	  0.861455	  0.006182	  0.000364	
  0.000000	  0.000000	  1.000000	  0.000000	
  0.000000	  0.000000	  1.000000	  0.000000	
  0.999273	  0.000727	  0.000000	  0.000000	
  0.991636	  0.000364	  0.000364	  0.007636	
  0.073455	  0.010545	  0.916000	  0.000000	
  0.062909	  0.189455	  0.038545	  0.709091	
  0.144727	  0.154182	  0.620364	  0.080727	
  0.277818	  0.245455	  0.388000	  0.088727	

MOTIF GATA6_f2 GATA6

letter-probability matrix: alength= 4 w= 7 nsites= 114 E= 0
  0.263158	  0.236842	  0.236842	  0.263158	
  0.500000	  0.105263	  0.070175	  0.324561	
  0.008772	  0.000000	  0.991228	  0.000000	
  0.982456	  0.008772	  0.000000	  0.008772	
  0.008772	  0.000000	  0.008772	  0.982456	
  0.701754	  0.000000	  0.008772	  0.289474	
  0.649123	  0.105263	  0.149123	  0.096491	

MOTIF GCR_do GCR

letter-probability matrix: alength= 4 w= 18 nsites= 4122 E= 0
  0.274139	  0.219311	  0.438379	  0.068171	
  0.585395	  0.010674	  0.398108	  0.005822	
  0.126395	  0.019651	  0.841097	  0.012858	
  0.683164	  0.068899	  0.199418	  0.048520	
  0.933527	  0.012130	  0.026929	  0.027414	
  0.058467	  0.718826	  0.201844	  0.020864	
  0.810044	  0.027656	  0.089034	  0.073265	
  0.192140	  0.117661	  0.386705	  0.303493	
  0.368753	  0.188986	  0.194323	  0.247938	
  0.296943	  0.315381	  0.298399	  0.089277	
  0.315138	  0.140708	  0.088792	  0.455361	
  0.111839	  0.059680	  0.744784	  0.083697	
  0.142892	  0.083940	  0.232411	  0.540757	
  0.197234	  0.294275	  0.220039	  0.288452	
  0.098981	  0.666909	  0.135614	  0.098496	
  0.256429	  0.340369	  0.123241	  0.279961	
  0.332848	  0.103833	  0.333576	  0.229743	
  0.274139	  0.137555	  0.412179	  0.176128	

MOTIF GCR_si GCR

letter-probability matrix: alength= 4 w= 7 nsites= 4226 E= 0
  0.682205	  0.002130	  0.296261	  0.019404	
  0.028869	  0.003076	  0.959300	  0.008755	
  0.713204	  0.037861	  0.185518	  0.063417	
  0.932797	  0.006152	  0.041884	  0.019167	
  0.029342	  0.844061	  0.124468	  0.002130	
  0.930431	  0.010885	  0.047089	  0.011595	
  0.163748	  0.078798	  0.492664	  0.264789	

MOTIF HEN1_si HEN1

letter-probability matrix: alength= 4 w= 20 nsites= 55 E= 0
  0.127273	  0.236364	  0.290909	  0.345455	
  0.109091	  0.090909	  0.636364	  0.163636	
  0.036364	  0.036364	  0.763636	  0.163636	
  0.090909	  0.000000	  0.854545	  0.054545	
  0.127273	  0.127273	  0.454545	  0.290909	
  0.490909	  0.454545	  0.054545	  0.000000	
  0.127273	  0.145455	  0.436364	  0.290909	
  0.054545	  0.909091	  0.036364	  0.000000	
  0.963636	  0.018182	  0.018182	  0.000000	
  0.000000	  0.072727	  0.872727	  0.054545	
  0.000000	  1.000000	  0.000000	  0.000000	
  0.054545	  0.000000	  0.000000	  0.945455	
  0.000000	  0.000000	  0.981818	  0.018182	
  0.018182	  0.890909	  0.054545	  0.036364	
  0.054545	  0.018182	  0.818182	  0.109091	
  0.000000	  0.218182	  0.290909	  0.490909	
  0.018182	  0.890909	  0.054545	  0.036364	
  0.090909	  0.709091	  0.072727	  0.127273	
  0.109091	  0.418182	  0.109091	  0.363636	
  0.127273	  0.400000	  0.072727	  0.400000	

MOTIF HEY2_f1 HEY2

letter-probability matrix: alength= 4 w= 17 nsites= 8 E= 0
  0.000000	  0.000000	  0.875000	  0.125000	
  0.000000	  0.250000	  0.500000	  0.250000	
  0.000000	  0.250000	  0.375000	  0.375000	
  0.000000	  0.250000	  0.625000	  0.125000	
  0.125000	  0.000000	  0.875000	  0.000000	
  0.000000	  0.875000	  0.000000	  0.125000	
  0.500000	  0.000000	  0.125000	  0.375000	
  0.000000	  0.875000	  0.125000	  0.000000	
  0.000000	  0.125000	  0.875000	  0.000000	
  0.000000	  0.125000	  0.000000	  0.875000	
  0.000000	  0.000000	  1.000000	  0.000000	
  0.125000	  0.250000	  0.625000	  0.000000	
  0.125000	  0.750000	  0.125000	  0.000000	
  0.375000	  0.250000	  0.125000	  0.250000	
  0.000000	  0.250000	  0.125000	  0.625000	
  0.000000	  0.250000	  0.375000	  0.375000	
  0.375000	  0.250000	  0.250000	  0.125000	

MOTIF HMGA2_f1 HMGA2

letter-probability matrix: alength= 4 w= 15 nsites= 75 E= 0
  0.960000	  0.013333	  0.013333	  0.013333	
  0.720000	  0.000000	  0.000000	  0.280000	
  0.160000	  0.000000	  0.000000	  0.840000	
  0.586667	  0.000000	  0.000000	  0.413333	
  0.520000	  0.026667	  0.013333	  0.440000	
  0.173333	  0.280000	  0.120000	  0.426667	
  0.000000	  0.546667	  0.400000	  0.053333	
  0.026667	  0.333333	  0.613333	  0.026667	
  0.000000	  0.493333	  0.440000	  0.066667	
  0.026667	  0.426667	  0.533333	  0.013333	
  0.946667	  0.000000	  0.040000	  0.013333	
  0.786667	  0.013333	  0.000000	  0.200000	
  0.026667	  0.013333	  0.000000	  0.960000	
  0.786667	  0.000000	  0.013333	  0.200000	
  0.026667	  0.013333	  0.013333	  0.946667	

MOTIF HNF6_f1 HNF6

letter-probability matrix: alength= 4 w= 14 nsites= 24 E= 0
  0.333333	  0.083333	  0.166667	  0.416667	
  0.291667	  0.166667	  0.000000	  0.541667	
  0.083333	  0.166667	  0.041667	  0.708333	
  1.000000	  0.000000	  0.000000	  0.000000	
  0.000000	  0.000000	  0.000000	  1.000000	
  0.000000	  0.041667	  0.125000	  0.833333	
  0.000000	  0.000000	  1.000000	  0.000000	
  0.958333	  0.000000	  0.041667	  0.000000	
  0.000000	  0.291667	  0.000000	  0.708333	
  0.083333	  0.041667	  0.083333	  0.791667	
  0.208333	  0.125000	  0.000000	  0.666667	
  0.333333	  0.125000	  0.083333	  0.458333	
  0.250000	  0.083333	  0.291667	  0.375000	
  0.291667	  0.208333	  0.125000	  0.375000	

MOTIF HTF4_f1 HTF4

letter-probability matrix: alength= 4 w= 9 nsites= 1523 E= 0
  0.659225	  0.011162	  0.097833	  0.231779	
  0.156927	  0.033487	  0.809586	  0.000000	
  0.000000	  1.000000	  0.000000	  0.000000	
  1.000000	  0.000000	  0.000000	  0.000000	
  0.000000	  0.000000	  1.000000	  0.000000	
  0.011819	  0.435982	  0.551543	  0.000657	
  0.000000	  0.000000	  0.000000	  1.000000	
  0.000000	  0.000000	  1.000000	  0.000000	
  0.078792	  0.235719	  0.325016	  0.360473	

MOTIF HXA10_f1 HXA10

letter-probability matrix: alength= 4 w= 12 nsites= 10 E= 0
  0.200000	  0.100000	  0.400000	  0.300000	
  0.500000	  0.200000	  0.200000	  0.100000	
  0.000000	  0.300000	  0.100000	  0.600000	
  0.400000	  0.100000	  0.400000	  0.100000	
  0.500000	  0.100000	  0.300000	  0.100000	
  0.100000	  0.000000	  0.000000	  0.900000	
  0.000000	  0.000000	  0.000000	  1.000000	
  0.100000	  0.000000	  0.000000	  0.900000	
  1.000000	  0.000000	  0.000000	  0.000000	
  0.000000	  0.000000	  0.000000	  1.000000	
  0.100000	  0.000000	  0.800000	  0.100000	
  0.400000	  0.200000	  0.100000	  0.300000	

MOTIF HXA13_f1 HXA13

letter-probability matrix: alength= 4 w= 11 nsites= 17 E= 0
  0.176471	  0.176471	  0.529412	  0.117647	
  0.352941	  0.058824	  0.352941	  0.235294	
  0.000000	  0.000000	  0.176471	  0.823529	
  0.294118	  0.000000	  0.117647	  0.588235	
  0.058824	  0.000000	  0.000000	  0.941176	
  0.235294	  0.000000	  0.000000	  0.764706	
  1.000000	  0.000000	  0.000000	  0.000000	
  0.000000	  0.176471	  0.000000	  0.823529	
  0.117647	  0.058824	  0.235294	  0.588235	
  0.000000	  0.058824	  0.764706	  0.176471	
  0.117647	  0.176471	  0.647059	  0.058824	

MOTIF HXA1_f1 HXA1

letter-probability matrix: alength= 4 w= 10 nsites= 8 E= 0
  0.250000	  0.125000	  0.125000	  0.500000	
  0.000000	  0.000000	  0.375000	  0.625000	
  0.125000	  0.000000	  0.875000	  0.000000	
  1.000000	  0.000000	  0.000000	  0.000000	
  0.000000	  0.000000	  0.000000	  1.000000	
  0.000000	  0.000000	  0.750000	  0.250000	
  0.000000	  0.000000	  1.000000	  0.000000	
  0.875000	  0.125000	  0.000000	  0.000000	
  0.000000	  0.000000	  0.000000	  1.000000	
  0.125000	  0.125000	  0.625000	  0.125000	

MOTIF HXA5_si HXA5

letter-probability matrix: alength= 4 w= 10 nsites= 52 E= 0
  0.096154	  0.326923	  0.057692	  0.519231	
  0.000000	  0.250000	  0.019231	  0.730769	
  0.288462	  0.173077	  0.480769	  0.057692	
  1.000000	  0.000000	  0.000000	  0.000000	
  0.000000	  0.000000	  0.000000	  1.000000	
  0.000000	  0.000000	  0.000000	  1.000000	
  0.826923	  0.000000	  0.115385	  0.057692	
  0.653846	  0.057692	  0.250000	  0.038462	
  0.057692	  0.153846	  0.019231	  0.769231	
  0.250000	  0.076923	  0.576923	  0.096154	

MOTIF HXA9_f1 HXA9

letter-probability matrix: alength= 4 w= 14 nsites= 29 E= 0
  0.034483	  0.000000	  0.000000	  0.965517	
  0.034483	  0.000000	  0.965517	  0.000000	
  0.896552	  0.034483	  0.034483	  0.034483	
  0.068966	  0.896552	  0.000000	  0.034483	
  0.827586	  0.137931	  0.034483	  0.000000	
  0.034483	  0.137931	  0.724138	  0.103448	
  0.068966	  0.137931	  0.241379	  0.551724	
  0.000000	  0.000000	  0.034483	  0.965517	
  0.034483	  0.034483	  0.034483	  0.896552	
  0.344828	  0.000000	  0.068966	  0.586207	
  0.793103	  0.068966	  0.000000	  0.137931	
  0.068966	  0.413793	  0.034483	  0.482759	
  0.206897	  0.000000	  0.586207	  0.206897	
  0.551724	  0.103448	  0.344828	  0.000000	

MOTIF HXB6_f1 HXB6

letter-probability matrix: alength= 4 w= 13 nsites= 7 E= 0
  0.428571	  0.142857	  0.285714	  0.142857	
  0.428571	  0.142857	  0.000000	  0.428571	
  0.000000	  0.142857	  0.000000	  0.857143	
  0.142857	  0.000000	  0.857143	  0.000000	
  1.000000	  0.000000	  0.000000	  0.000000	
  0.000000	  0.000000	  0.000000	  1.000000	
  0.000000	  0.000000	  0.000000	  1.000000	
  0.142857	  0.000000	  0.428571	  0.428571	
  0.857143	  0.000000	  0.142857	  0.000000	
  0.000000	  0.000000	  0.000000	  1.000000	
  0.000000	  0.000000	  0.857143	  0.142857	
  0.428571	  0.571429	  0.000000	  0.000000	
  0.428571	  0.285714	  0.142857	  0.142857	

MOTIF HXB7_si HXB7

letter-probability matrix: alength= 4 w= 10 nsites= 28 E= 0
  0.285714	  0.035714	  0.035714	  0.642857	
  0.000000	  0.000000	  0.000000	  1.000000	
  0.071429	  0.000000	  0.928571	  0.000000	
  1.000000	  0.000000	  0.000000	  0.000000	
  0.000000	  0.000000	  0.000000	  1.000000	
  0.000000	  0.000000	  0.000000	  1.000000	
  0.464286	  0.000000	  0.321429	  0.214286	
  0.964286	  0.035714	  0.000000	  0.000000	
  0.000000	  0.071429	  0.000000	  0.928571	
  0.107143	  0.071429	  0.500000	  0.321429	

MOTIF HXB8_do HXB8

letter-probability matrix: alength= 4 w= 11 nsites= 26 E= 0
  0.192308	  0.000000	  0.000000	  0.807692	
  0.000000	  0.038462	  0.000000	  0.961538	
  0.076923	  0.000000	  0.923077	  0.000000	
  1.000000	  0.000000	  0.000000	  0.000000	
  0.000000	  0.000000	  0.000000	  1.000000	
  0.000000	  0.000000	  0.000000	  1.000000	
  0.538462	  0.000000	  0.269231	  0.192308	
  1.000000	  0.000000	  0.000000	  0.000000	
  0.038462	  0.000000	  0.000000	  0.961538	
  0.115385	  0.076923	  0.500000	  0.307692	
  0.307692	  0.346154	  0.230769	  0.115385	

MOTIF HXC6_f1 HXC6

letter-probability matrix: alength= 4 w= 15 nsites= 7 E= 0
  0.714286	  0.000000	  0.142857	  0.142857	
  0.000000	  0.000000	  0.000000	  1.000000	
  0.000000	  0.000000	  1.000000	  0.000000	
  1.000000	  0.000000	  0.000000	  0.000000	
  0.000000	  0.000000	  0.000000	  1.000000	
  0.000000	  0.000000	  0.000000	  1.000000	
  0.000000	  0.000000	  0.142857	  0.857143	
  1.000000	  0.000000	  0.000000	  0.000000	
  0.000000	  0.000000	  0.000000	  1.000000	
  0.000000	  0.000000	  0.142857	  0.857143	
  0.714286	  0.142857	  0.000000	  0.142857	
  0.000000	  0.714286	  0.142857	  0.142857	
  0.142857	  0.000000	  0.000000	  0.857143	
  0.000000	  0.000000	  0.000000	  1.000000	
  0.000000	  0.000000	  0.142857	  0.857143	

MOTIF HXC8_f1 HXC8

letter-probability matrix: alength= 4 w= 14 nsites= 9 E= 0
  0.111111	  0.333333	  0.111111	  0.444444	
  0.000000	  0.000000	  0.222222	  0.777778	
  0.000000	  0.111111	  0.000000	  0.888889	
  0.111111	  0.333333	  0.555556	  0.000000	
  0.888889	  0.000000	  0.000000	  0.111111	
  0.222222	  0.000000	  0.000000	  0.777778	
  0.222222	  0.000000	  0.000000	  0.777778	
  0.444444	  0.000000	  0.444444	  0.111111	
  1.000000	  0.000000	  0.000000	  0.000000	
  0.111111	  0.111111	  0.111111	  0.666667	
  0.222222	  0.000000	  0.444444	  0.333333	
  0.222222	  0.444444	  0.333333	  0.000000	
  0.111111	  0.444444	  0.333333	  0.111111	
  0.222222	  0.333333	  0.222222	  0.222222	

MOTIF HXD10_f1 HXD10

letter-probability matrix: alength= 4 w= 10 nsites= 7 E= 0
  0.142857	  0.000000	  0.142857	  0.714286	
  0.285714	  0.000000	  0.714286	  0.000000	
  0.142857	  0.428571	  0.142857	  0.285714	
  0.142857	  0.000000	  0.000000	  0.857143	
  0.142857	  0.285714	  0.000000	  0.571429	
  0.000000	  0.000000	  0.000000	  1.000000	
  0.571429	  0.000000	  0.142857	  0.285714	
  0.571429	  0.000000	  0.285714	  0.142857	
  0.000000	  0.000000	  0.000000	  1.000000	
  0.000000	  0.000000	  0.285714	  0.714286	

MOTIF HXD13_f1 HXD13

letter-probability matrix: alength= 4 w= 11 nsites= 13 E= 0
  0.230769	  0.153846	  0.153846	  0.461538	
  0.000000	  0.000000	  0.076923	  0.923077	
  0.076923	  0.000000	  0.153846	  0.769231	
  0.769231	  0.000000	  0.076923	  0.153846	
  0.076923	  0.230769	  0.000000	  0.692308	
  0.076923	  0.000000	  0.230769	  0.692308	
  0.615385	  0.076923	  0.153846	  0.153846	
  0.000000	  0.076923	  0.615385	  0.307692	
  0.461538	  0.000000	  0.461538	  0.076923	
  0.000000	  0.000000	  0.846154	  0.153846	
  0.615385	  0.153846	  0.076923	  0.153846	

MOTIF ISL1_f1 ISL1

letter-probability matrix: alength= 4 w= 7 nsites= 13 E= 0
  0.000000	  0.461538	  0.538462	  0.000000	
  0.000000	  0.384615	  0.153846	  0.461538	
  0.076923	  0.000000	  0.000000	  0.923077	
  1.000000	  0.000000	  0.000000	  0.000000	
  1.000000	  0.000000	  0.000000	  0.000000	
  0.000000	  0.000000	  0.000000	  1.000000	
  0.384615	  0.000000	  0.615385	  0.000000	

MOTIF KAISO_f1 KAISO

letter-probability matrix: alength= 4 w= 12 nsites= 2010 E= 0
  0.128358	  0.447761	  0.105473	  0.318408	
  0.002488	  0.000498	  0.009950	  0.987065	
  0.146766	  0.526866	  0.280597	  0.045771	
  0.012438	  0.018905	  0.968657	  0.000000	
  0.001990	  0.992537	  0.004975	  0.000498	
  0.620398	  0.001990	  0.377612	  0.000000	
  0.308955	  0.000000	  0.670149	  0.020896	
  0.005970	  0.003483	  0.884080	  0.106468	
  0.892537	  0.106468	  0.000498	  0.000498	
  0.409453	  0.055224	  0.343284	  0.192040	
  0.179602	  0.120398	  0.414925	  0.285075	
  0.364179	  0.188557	  0.178109	  0.269154	

MOTIF KLF3_f1 KLF3

letter-probability matrix: alength= 4 w= 15 nsites= 8 E= 0
  0.375000	  0.250000	  0.000000	  0.375000	
  0.375000	  0.125000	  0.500000	  0.000000	
  0.000000	  0.750000	  0.125000	  0.125000	
  0.125000	  0.375000	  0.125000	  0.375000	
  0.375000	  0.000000	  0.125000	  0.500000	
  0.125000	  0.000000	  0.875000	  0.000000	
  0.000000	  0.000000	  0.875000	  0.125000	
  0.000000	  0.000000	  1.000000	  0.000000	
  0.000000	  0.000000	  0.000000	  1.000000	
  0.125000	  0.000000	  0.875000	  0.000000	
  0.000000	  0.000000	  0.375000	  0.625000	
  0.125000	  0.250000	  0.625000	  0.000000	
  0.000000	  0.125000	  0.750000	  0.125000	
  0.250000	  0.500000	  0.125000	  0.125000	
  0.250000	  0.000000	  0.000000	  0.750000	

MOTIF MAF_f1 MAF

letter-probability matrix: alength= 4 w= 8 nsites= 63 E= 0
  0.190476	  0.142857	  0.238095	  0.428571	
  0.063492	  0.095238	  0.063492	  0.777778	
  0.015873	  0.047619	  0.936508	  0.000000	
  0.047619	  0.888889	  0.047619	  0.015873	
  0.047619	  0.031746	  0.000000	  0.920635	
  0.031746	  0.000000	  0.952381	  0.015873	
  0.873016	  0.000000	  0.063492	  0.063492	
  0.095238	  0.619048	  0.158730	  0.126984	

MOTIF MAX_f1 MAX

letter-probability matrix: alength= 4 w= 11 nsites= 2092 E= 0
  0.381453	  0.102772	  0.369503	  0.146272	
  0.276291	  0.108509	  0.569790	  0.045411	
  0.218451	  0.478011	  0.033939	  0.269598	
  0.016730	  0.980880	  0.000956	  0.001434	
  0.946463	  0.006692	  0.026769	  0.020076	
  0.006692	  0.903920	  0.016252	  0.073136	
  0.033461	  0.004302	  0.950765	  0.011472	
  0.003346	  0.017208	  0.024857	  0.954589	
  0.000956	  0.001434	  0.993786	  0.003824	
  0.085564	  0.394837	  0.431166	  0.088432	
  0.173040	  0.131453	  0.159178	  0.536329	

MOTIF MCR_f1 MCR

letter-probability matrix: alength= 4 w= 17 nsites= 7 E= 0
  0.285714	  0.285714	  0.142857	  0.285714	
  0.714286	  0.000000	  0.000000	  0.285714	
  0.142857	  0.000000	  0.857143	  0.000000	
  0.428571	  0.000000	  0.285714	  0.285714	
  0.428571	  0.428571	  0.142857	  0.000000	
  0.000000	  0.714286	  0.142857	  0.142857	
  0.571429	  0.000000	  0.000000	  0.428571	
  0.142857	  0.142857	  0.571429	  0.142857	
  0.142857	  0.142857	  0.571429	  0.142857	
  0.142857	  0.000000	  0.142857	  0.714286	
  0.000000	  0.142857	  0.285714	  0.571429	
  0.142857	  0.000000	  0.857143	  0.000000	
  0.428571	  0.000000	  0.000000	  0.571429	
  0.285714	  0.000000	  0.285714	  0.428571	
  0.000000	  0.285714	  0.714286	  0.000000	
  0.142857	  0.000000	  0.285714	  0.571429	
  0.428571	  0.142857	  0.285714	  0.142857	

MOTIF MLXPL_f1 MLXPL

letter-probability matrix: alength= 4 w= 19 nsites= 10 E= 0
  0.100000	  0.200000	  0.600000	  0.100000	
  0.100000	  0.900000	  0.000000	  0.000000	
  0.900000	  0.000000	  0.000000	  0.100000	
  0.000000	  0.400000	  0.100000	  0.500000	
  0.100000	  0.100000	  0.800000	  0.000000	
  0.100000	  0.000000	  0.300000	  0.600000	
  0.000000	  0.000000	  1.000000	  0.000000	
  0.400000	  0.300000	  0.300000	  0.000000	
  0.200000	  0.700000	  0.000000	  0.100000	
  0.600000	  0.300000	  0.100000	  0.000000	
  0.400000	  0.500000	  0.000000	  0.100000	
  0.200000	  0.600000	  0.000000	  0.200000	
  0.100000	  0.400000	  0.400000	  0.100000	
  0.100000	  0.300000	  0.300000	  0.300000	
  0.000000	  0.700000	  0.200000	  0.100000	
  0.100000	  0.000000	  0.900000	  0.000000	
  0.000000	  0.000000	  0.000000	  1.000000	
  0.000000	  0.100000	  0.900000	  0.000000	
  0.100000	  0.200000	  0.400000	  0.300000	

MOTIF MYC_f1 MYC

letter-probability matrix: alength= 4 w= 11 nsites= 341 E= 0
  0.161290	  0.134897	  0.498534	  0.205279	
  0.504399	  0.243402	  0.137830	  0.114370	
  0.102639	  0.331378	  0.504399	  0.061584	
  0.032258	  0.961877	  0.005865	  0.000000	
  0.941349	  0.017595	  0.041056	  0.000000	
  0.002933	  0.929619	  0.023460	  0.043988	
  0.049853	  0.011730	  0.929619	  0.008798	
  0.026393	  0.093842	  0.005865	  0.873900	
  0.002933	  0.002933	  0.979472	  0.014663	
  0.029326	  0.073314	  0.762463	  0.134897	
  0.117302	  0.475073	  0.082111	  0.325513	

MOTIF NDF1_f1 NDF1

letter-probability matrix: alength= 4 w= 12 nsites= 26 E= 0
  0.192308	  0.423077	  0.192308	  0.192308	
  0.269231	  0.038462	  0.653846	  0.038462	
  0.269231	  0.115385	  0.576923	  0.038462	
  0.000000	  1.000000	  0.000000	  0.000000	
  0.923077	  0.000000	  0.000000	  0.076923	
  0.038462	  0.153846	  0.807692	  0.000000	
  0.423077	  0.192308	  0.384615	  0.000000	
  0.000000	  0.038462	  0.000000	  0.961538	
  0.000000	  0.000000	  1.000000	  0.000000	
  0.115385	  0.076923	  0.500000	  0.307692	
  0.115385	  0.461538	  0.230769	  0.192308	
  0.230769	  0.538462	  0.192308	  0.038462	

MOTIF NF2L1_f1 NF2L1

letter-probability matrix: alength= 4 w= 7 nsites= 112 E= 0
  0.312500	  0.294643	  0.223214	  0.169643	
  0.767857	  0.062500	  0.160714	  0.008929	
  0.026786	  0.008929	  0.017857	  0.946429	
  0.080357	  0.000000	  0.892857	  0.026786	
  0.991071	  0.008929	  0.000000	  0.000000	
  0.026786	  0.714286	  0.044643	  0.214286	
  0.241071	  0.080357	  0.250000	  0.428571	

MOTIF NF2L2_si NF2L2

letter-probability matrix: alength= 4 w= 12 nsites= 92 E= 0
  0.054348	  0.065217	  0.108696	  0.771739	
  0.065217	  0.032609	  0.847826	  0.054348	
  0.010870	  0.902174	  0.043478	  0.043478	
  0.054348	  0.184783	  0.043478	  0.717391	
  0.119565	  0.054348	  0.608696	  0.217391	
  0.576087	  0.065217	  0.108696	  0.250000	
  0.141304	  0.119565	  0.673913	  0.065217	
  0.065217	  0.010870	  0.010870	  0.913043	
  0.043478	  0.847826	  0.086957	  0.021739	
  0.836957	  0.086957	  0.010870	  0.065217	
  0.021739	  0.402174	  0.141304	  0.434783	
  0.130435	  0.250000	  0.380435	  0.239130	

MOTIF NFAC1_do NFAC1

letter-probability matrix: alength= 4 w= 13 nsites= 425 E= 0
  0.209412	  0.244706	  0.145882	  0.400000	
  0.000000	  0.000000	  1.000000	  0.000000	
  0.000000	  0.000000	  1.000000	  0.000000	
  0.988235	  0.009412	  0.000000	  0.002353	
  1.000000	  0.000000	  0.000000	  0.000000	
  0.663529	  0.063529	  0.002353	  0.270588	
  0.324706	  0.054118	  0.157647	  0.463529	
  0.014118	  0.000000	  0.009412	  0.976471	
  0.011765	  0.129412	  0.014118	  0.844706	
  0.023529	  0.844706	  0.000000	  0.131765	
  0.148235	  0.738824	  0.094118	  0.018824	
  0.541176	  0.007059	  0.185882	  0.265882	
  0.150588	  0.131765	  0.087059	  0.630588	

MOTIF NFAC2_f1 NFAC2

letter-probability matrix: alength= 4 w= 9 nsites= 86 E= 0
  0.255814	  0.058140	  0.139535	  0.546512	
  0.000000	  0.000000	  1.000000	  0.000000	
  0.000000	  0.000000	  1.000000	  0.000000	
  1.000000	  0.000000	  0.000000	  0.000000	
  0.976744	  0.000000	  0.023256	  0.000000	
  0.953488	  0.011628	  0.034884	  0.000000	
  0.790698	  0.058140	  0.069767	  0.081395	
  0.302326	  0.127907	  0.104651	  0.465116	
  0.162791	  0.232558	  0.174419	  0.430233	

MOTIF NFAC3_f1 NFAC3

letter-probability matrix: alength= 4 w= 9 nsites= 18 E= 0
  0.111111	  0.111111	  0.055556	  0.722222	
  0.000000	  0.000000	  1.000000	  0.000000	
  0.000000	  0.000000	  1.000000	  0.000000	
  0.944444	  0.000000	  0.055556	  0.000000	
  0.888889	  0.000000	  0.111111	  0.000000	
  1.000000	  0.000000	  0.000000	  0.000000	
  0.777778	  0.166667	  0.055556	  0.000000	
  0.333333	  0.388889	  0.055556	  0.222222	
  0.111111	  0.333333	  0.055556	  0.500000	

MOTIF NFAC4_f1 NFAC4

letter-probability matrix: alength= 4 w= 10 nsites= 19 E= 0
  0.421053	  0.157895	  0.210526	  0.210526	
  0.000000	  0.000000	  0.947368	  0.052632	
  0.000000	  0.000000	  1.000000	  0.000000	
  1.000000	  0.000000	  0.000000	  0.000000	
  1.000000	  0.000000	  0.000000	  0.000000	
  1.000000	  0.000000	  0.000000	  0.000000	
  0.631579	  0.157895	  0.157895	  0.052632	
  0.210526	  0.263158	  0.105263	  0.421053	
  0.157895	  0.157895	  0.210526	  0.473684	
  0.315789	  0.000000	  0.210526	  0.473684	

MOTIF NKX21_f1 NKX21

letter-probability matrix: alength= 4 w= 10 nsites= 85 E= 0
  0.105882	  0.470588	  0.270588	  0.152941	
  0.117647	  0.235294	  0.035294	  0.611765	
  0.000000	  0.623529	  0.223529	  0.152941	
  0.682353	  0.058824	  0.235294	  0.023529	
  1.000000	  0.000000	  0.000000	  0.000000	
  0.011765	  0.000000	  0.988235	  0.000000	
  0.141176	  0.035294	  0.376471	  0.447059	
  0.164706	  0.000000	  0.694118	  0.141176	
  0.058824	  0.529412	  0.188235	  0.223529	
  0.200000	  0.282353	  0.129412	  0.388235	

MOTIF NKX22_si NKX22

letter-probability matrix: alength= 4 w= 12 nsites= 24 E= 0
  0.083333	  0.125000	  0.333333	  0.458333	
  0.250000	  0.000000	  0.083333	  0.666667	
  0.000000	  0.333333	  0.125000	  0.541667	
  1.000000	  0.000000	  0.000000	  0.000000	
  1.000000	  0.000000	  0.000000	  0.000000	
  0.000000	  0.000000	  1.000000	  0.000000	
  0.041667	  0.000000	  0.000000	  0.958333	
  0.375000	  0.041667	  0.583333	  0.000000	
  0.000000	  0.333333	  0.458333	  0.208333	
  0.125000	  0.041667	  0.041667	  0.791667	
  0.083333	  0.000000	  0.083333	  0.833333	
  0.291667	  0.125000	  0.250000	  0.333333	

MOTIF NKX25_f1 NKX25

letter-probability matrix: alength= 4 w= 7 nsites= 59 E= 0
  0.118644	  0.067797	  0.169492	  0.644068	
  0.050847	  0.440678	  0.152542	  0.355932	
  0.983051	  0.000000	  0.016949	  0.000000	
  0.915254	  0.016949	  0.033898	  0.033898	
  0.000000	  0.016949	  0.864407	  0.118644	
  0.033898	  0.000000	  0.016949	  0.949153	
  0.084746	  0.000000	  0.898305	  0.016949	

MOTIF NKX28_f1 NKX28

letter-probability matrix: alength= 4 w= 9 nsites= 6 E= 0
  0.166667	  0.166667	  0.166667	  0.500000	
  0.000000	  0.000000	  0.000000	  1.000000	
  0.000000	  0.833333	  0.166667	  0.000000	
  1.000000	  0.000000	  0.000000	  0.000000	
  1.000000	  0.000000	  0.000000	  0.000000	
  0.000000	  0.000000	  1.000000	  0.000000	
  0.000000	  0.000000	  0.666667	  0.333333	
  0.666667	  0.000000	  0.333333	  0.000000	
  0.166667	  0.500000	  0.166667	  0.166667	

MOTIF NKX31_si NKX31

letter-probability matrix: alength= 4 w= 13 nsites= 43 E= 0
  0.558140	  0.023256	  0.046512	  0.372093	
  0.511628	  0.093023	  0.046512	  0.348837	
  0.046512	  0.069767	  0.000000	  0.883721	
  0.976744	  0.023256	  0.000000	  0.000000	
  0.906977	  0.046512	  0.000000	  0.046512	
  0.093023	  0.023256	  0.767442	  0.116279	
  0.000000	  0.000000	  0.000000	  1.000000	
  0.837209	  0.046512	  0.116279	  0.000000	
  0.186047	  0.162791	  0.046512	  0.604651	
  0.534884	  0.046512	  0.093023	  0.325581	
  0.209302	  0.186047	  0.139535	  0.465116	
  0.465116	  0.046512	  0.186047	  0.302326	
  0.418605	  0.139535	  0.093023	  0.348837	

MOTIF NR0B1_si NR0B1

letter-probability matrix: alength= 4 w= 10 nsites= 9 E= 0
  0.000000	  0.222222	  0.666667	  0.111111	
  0.333333	  0.666667	  0.000000	  0.000000	
  0.111111	  0.000000	  0.888889	  0.000000	
  0.111111	  0.000000	  0.333333	  0.555556	
  0.000000	  0.000000	  1.000000	  0.000000	
  0.000000	  0.222222	  0.777778	  0.000000	
  0.222222	  0.000000	  0.666667	  0.111111	
  0.777778	  0.111111	  0.111111	  0.000000	
  0.222222	  0.333333	  0.444444	  0.000000	
  0.555556	  0.000000	  0.444444	  0.000000	

MOTIF NR1D1_f1 NR1D1

letter-probability matrix: alength= 4 w= 14 nsites= 13 E= 0
  0.538462	  0.076923	  0.153846	  0.230769	
  0.538462	  0.000000	  0.076923	  0.384615	
  0.846154	  0.076923	  0.000000	  0.076923	
  0.846154	  0.000000	  0.000000	  0.153846	
  0.307692	  0.153846	  0.461538	  0.076923	
  0.000000	  0.076923	  0.076923	  0.846154	
  0.846154	  0.000000	  0.153846	  0.000000	
  0.000000	  0.000000	  0.923077	  0.076923	
  0.000000	  0.000000	  1.000000	  0.000000	
  0.000000	  0.000000	  0.000000	  1.000000	
